1 0.23745932111132986 0.19624885635864595 0.1782042224975969 0.08874656907593775
1 0.6509282314382665 0.1957913998170174 0.32041645917055606 0.09515096065873743
0 0.9300855849074083 0.4414455626715461 0.10095313097154503 0.11619396157365053
0 0.681653097386128 0.6290027447392499 0.09568601109476868 0.11436413540713626
1 0.9006774989287409 0.7433668801463861 0.07900679815164409 0.09789569990850878
1 0.8984828656467507 0.8380603842634948 0.0763732382132558 0.07502287282708138
1 0.7150115232723776 0.9172003659652332 0.10270883759713711 0.09423604757548035
1 0.5723603599430206 0.9158279963403476 0.09480815778197275 0.08234217749313828
0 0.4578005026231369 0.8055809698078682 0.09041889121799244 0.08508691674290944
1 0.25238282742886264 0.9085086916742909 0.1518686231137156 0.09332113449222319
1 0.08778533127960436 0.786825251601098 0.10183098428434106 0.11527904849039344
0 0.2664284804335993 0.6376944190301921 0.0781289448388479 0.09515096065873735
1 0.07856787149524594 0.4277218664226899 0.10270883759713716 0.20402561756633125
