1 0.8013752001112215 0.03385178408051235 0.1196354999596241 0.06221408966148216
1 0.9383624138054475 0.5544373284537969 0.06118762211675417 0.14089661482159202
1 0.9411021580793318 0.7351326623970723 0.06118762211675431 0.12168344007319305
0 0.795439087517805 0.9364135407136323 0.06758035875581811 0.08508691674290944
1 0.6968082936579623 0.9053064958828911 0.04931539692992132 0.05763952424519658
0 0.602743740254594 0.757548032936871 0.06940685493840781 0.16285452881976198
1 0.5383597498183073 0.5594693504117108 0.06849360684711427 0.05946935041171067
1 0.6474928967280411 0.3074107959743824 0.05662138166028001 0.08051235132662399
0 0.8118775531611121 0.44327538883806034 0.04931539692992132 0.06678865507776763
0 0.44246870023234963 0.5827996340347668 0.08127908012524067 0.07685269899359568
0 0.301371870127297 0.4789569990850869 0.06575386257322836 0.05032021957913997
1 0.3465776506463915 0.5571820677035682 0.06849360684711296 0.060384263494968025
1 0.18401949039591015 0.6203110704483074 0.08310557630783039 0.06953339432753879
1 0.09132480912948393 0.4213174748398902 0.07305984730358715 0.11985361390667883
1 0.19269534726321108 0.2465690759377859 0.0931513053120736 0.07593778591033853
1 0.6424700322259195 0.19441903019213175 0.06484061448193351 0.11253430924062215
