1 0.7287459051934283 0.20677035681610248 0.1949283525548065 0.1957913998170174
1 0.7403700730063296 0.4126258005489478 0.18598668500642104 0.1884720951509606
1 0.7511000740643924 0.646843549862763 0.19671668606448378 0.2177493138151876
1 0.32726503227091386 0.7849954254345838 0.17525668394835822 0.07136322049405308
1 0.32637086551607525 0.579597438243367 0.17704501745803533 0.06312900274473918
1 0.29865169611607983 0.22964318389752972 0.171680016929004 0.12259835315645012
1 0.4953683821805636 0.06587374199451052 0.2610966924128602 0.07319304666056724
0 0.23874252354189615 0.35361390667886555 0.1663150163999726 0.06861848124428185
0 0.5400767199224917 0.5658737419945105 0.17168001692900398 0.09789569990850872
0 0.25304919161931316 0.6825251601097895 0.1734683504386811 0.07319304666056738
0 0.5588542217741015 0.8847209515096065 0.18419835149674385 0.09881061299176565
