1 0.23195731264684782 0.16102470265324795 0.07799311882272594 0.11344922232387923
1 0.5008891408837287 0.15553522415370538 0.1074571859335336 0.10612991765782251
1 0.6323219892701742 0.1655992680695334 0.11265672718838175 0.12625800548947852
1 0.9324510650361455 0.3526989935956084 0.09705810342383671 0.19670631290027452
1 0.9275403871843442 0.6980786825251601 0.07568221159834877 0.15370539798719116
1 0.7669323350901383 0.8668801463860933 0.12421126331026727 0.13449222323879226
0 0.8382815956427802 0.571363220494053 0.07394903118006596 0.1290027447392498
0 0.6958719379405435 0.3421774931381519 0.07221585076178329 0.09881061299176572
0 0.3916987745319125 0.529277218664227 0.07625993840444316 0.110704483074108
0 0.5569286410748725 0.9158279963403477 0.08088175285319728 0.13357731015553526
1 0.10572400551525071 0.5521500457456541 0.10630173232134497 0.49679780420860015
