1 0.922745919782782 0.3302836230558097 0.08715875217660767 0.09332113449222326
1 0.922745919782782 0.17474839890210428 0.10231679603340922 0.09698078682525159
1 0.7496915857509666 0.029734675205855446 0.23621285010182086 0.05580969807868253
1 0.15663311985361392 0.5768526989935956 0.15158043856801345 0.5114364135407137
1 0.5804267626833516 0.48764867337602924 0.1225275211758109 0.07868252516010976
0 0.7231650090015642 0.5068618481244281 0.09221143346220813 0.07319304666056724
1 0.4162146209013369 0.5365965233302836 0.10484313667620931 0.07959743824336683
0 0.45095180473984003 0.6198536139066788 0.10357996635480923 0.06495882891125333
0 0.6543222264852581 0.7355901189387007 0.10105362571200907 0.08417200365965244
0 0.5456895788448485 0.9268069533394327 0.10610630699760946 0.09332113449222319
1 0.7155859870731635 0.8956999085086917 0.10736947731900941 0.08783165599268074
1 0.8254818050349733 0.814730100640439 0.0997904553906089 0.07959743824336683
1 0.349266593867131 0.9021043000914913 0.13263288374701182 0.06953339432753892
0 0.39789865124103535 0.25251601097895704 0.12884337278281138 0.09149130832570904
